0 431.4 73.8 81.6 71.2 333.8 309.4 354.9 177.8 300.7 207.5
400.5 0 367.8 369.6 383.2 108.2 145.1 84.4 316.2 150.8 387
62.5 416.3 0 108.2 68.1 301.1 282.6 328.1 151 273.9 180.7
128.9 394.7 41.1 0 56.5 297.1 261 306.5 128.6 252.3 158.3
104 400.9 18.7 89.3 0 303.3 267.2 312.7 135.6 258.5 165.3
335.9 137.7 303.2 305 318.6 0 80.5 33 288.4 86.2 322.4
255.4 195.8 222.7 224.5 238.1 98.2 0 107.6 171.1 53.4 241.9
353.6 140.7 320.9 340.3 336.3 64.6 98.2 0 255 103.9 340.1
117.6 392 84.9 86.7 100.3 294.4 258.3 303.8 0 213.2 70.8
264.1 191.5 231.4 233.2 246.8 93.9 8.7 103.3 179.8 0 250.6
237.2 218.6 204.5 223.9 219.9 121 84.9 130.4 152.9 76.2 0
