16 2 1
8 250 10
20 470 20
1 1
2 30 200
2 0 120
2 35 200
1 20 200
1 0 120
1 0 120
2 70 200
1 0 120
2 65 250
1 90 250
3 0 120
1 0 90
1 0 90
1 40 250
1 50 250
1 0 90
0 0 0
0 4699.9 484 515 478.7 3993.9 3237.8 4197.8 1210.1 3186.2 2202.3 1063.2 2094 1675.5 2706.8 2960.1 1414.1
4726.4 0 4496.5 4489.1 4589.7 762.7 1793.6 568.7 4217.2 1767 3136 4363.5 4484.9 4827.7 2580.6 3079.4 4714.4
381.2 4566.7 0 672.5 430.2 3764 3053.3 4013.3 1025.6 3001.7 2017.8 878.7 1909.5 1491 2522.3 2775.6 1229.6
808.1 4064.8 285.1 0 378.3 3358.8 2551.3 3511.3 921.4 2499.7 1515.9 774.6 1805.4 1386.8 2020.3 2273.6 1125.4
654.8 4473.6 93.2 557.1 0 3767.6 2960.1 3920.1 932.4 2908.5 1924.7 785.6 1816.4 1397.8 2429.1 2682.4 1136.4
4046.3 908.8 3816.4 3809 3909.6 0 1113.6 166.6 3918 1086.9 2455.9 3683.5 3804.8 4147.6 1900.5 2399.3 4034.3
2932.8 2119.8 2702.9 2695.5 2796.1 1413.8 0 1566.4 2423.5 554.8 1342.4 2569.9 2691.2 3034.1 786.9 1285.8 2920.8
4227.1 886.5 3997.2 3883.5 4090.4 355.2 1294.3 0 3645.4 1267.7 2636.7 3864.2 3985.5 4328.4 2081.2 2580.1 4215.1
860.8 4219.2 630.9 623.5 724.1 3513.2 2705.7 3665.7 0 2695.5 1670.3 674.5 1177.2 852.3 2216.1 2428 497.2
2984.4 1834.8 2754.5 2747 2847.6 1128.9 51.6 1281.4 2475.1 0 1394 2621.5 2742.8 3085.6 838.5 1337.4 2972.3
2457.8 2548.9 2227.9 2114.2 2321.1 1842.9 1035.4 1995.4 1948.6 983.9 0 2095 2216.3 2559.1 504.5 757.7 2445.8
1384.7 4784.4 1154.8 1259.6 1248 4078.4 3270.9 4230.9 479.8 3219.3 2235.5 0 1092.4 853.9 2362.5 2993.2 769.1
1880.8 4306.8 1650.9 1755.7 1744.1 3600.8 2793.4 3753.4 1020 2741.8 1757.9 935.2 0 580.7 2262.4 2515.6 554.3
1551.7 4250.5 1321.8 1314.4 1414.9 3544.5 2737 3697 690.8 2685.4 1701.6 892.2 500 0 2206.1 2459.3 425
2810.1 3271.1 2580.2 2572.8 2673.4 2565.1 1757.6 2717.7 2300.8 1706.1 1219.7 2447.2 2568.5 2911.4 0 401.6 2798.1
2626.2 3168.7 2396.3 2282.6 2489.5 2462.7 1655.2 2615.2 2117 1603.6 1035.8 2263.4 2384.7 2111.4 302.1 0 2614.2
1378.3 4018.7 1148.4 1141 1152 3537.3 2729.8 3689.9 517.5 2678.3 1694.4 697.1 679.1 217.5 2198.9 2352.7 0
0 431.4 73.8 81.6 71.2 333.8 309.4 354.9 177.8 300.7 224.5 173.1 278.7 228 290.2 372.8 207.5
400.5 0 367.8 369.6 383.2 108.2 145.1 84.4 316.2 150.8 259 352.6 344.5 399.8 225.9 314.7 387
62.5 416.3 0 108.2 68.1 301.1 282.6 328.1 151 273.9 197.7 146.3 251.9 201.2 263.4 346 180.7
128.9 394.7 41.1 0 56.5 297.1 261 306.5 128.6 252.3 176.1 123.9 229.5 178.8 241.8 324.4 158.3
104 400.9 18.7 89.3 0 303.3 267.2 312.7 135.6 258.5 182.3 130.9 236.5 185.8 248 330.6 165.3
335.9 137.7 303.2 305 318.6 0 80.5 33 288.4 86.2 194.4 288 279.9 335.2 161.3 250.1 322.4
255.4 195.8 222.7 224.5 238.1 98.2 0 107.6 171.1 53.4 113.9 207.5 199.4 254.7 80.8 169.6 241.9
353.6 140.7 320.9 340.3 336.3 64.6 98.2 0 255 103.9 212.1 305.7 297.6 352.9 179 267.8 340.1
117.6 392 84.9 86.7 100.3 294.4 258.3 303.8 0 213.2 173.4 92.5 142 107.7 202.7 321.7 70.8
264.1 191.5 231.4 233.2 246.8 93.9 8.7 103.3 179.8 0 122.6 216.2 208.1 263.4 89.5 178.3 250.6
237.2 218.6 204.5 223.9 219.9 121 84.9 130.4 152.9 76.2 0 189.3 181.2 236.5 65.7 148.3 223.7
182.7 420.7 150 171.9 165.4 323.1 287 332.5 61.6 278.3 202.1 0 152.6 124 236.5 350.4 113.5
235.7 416.8 203 224.9 218.4 319.2 283.1 328.6 118.1 274.4 198.2 132 0 86.4 263.9 346.5 80
201.3 407.2 168.6 170.4 184 309.6 273.5 319 83.7 264.8 188.6 122.6 75.9 0 254.3 336.9 74.8
281.3 317.1 248.6 250.4 264 219.5 183.4 228.9 197 174.7 139.8 233.4 225.3 280.6 0 108 267.8
285.9 317.7 253.2 272.6 268.6 220.1 184 229.5 201.6 175.3 144.4 238 229.9 272.3 59.9 0 272.4
175.9 333.3 143.2 145 148.7 295.5 259.4 304.9 58.3 250.7 174.5 94 103.8 37.6 240.2 271.4 0
