10 2 1
8 250 10
20 470 20
1 1
2 0 1000
2 0 1000
2 0 1000
1 0 1000
1 0 1000
1 0 1000
2 0 1000
1 0 1000
2 0 1000
1 0 1000
0 0 0
0 4699.9 484 515 478.7 3993.9 3237.8 4197.8 1210.1 3186.2 1414.1
4726.4 0 4496.5 4489.1 4589.7 762.7 1793.6 568.7 4217.2 1767 4714.4
381.2 4566.7 0 672.5 430.2 3764 3053.3 4013.3 1025.6 3001.7 1229.6
808.1 4064.8 285.1 0 378.3 3358.8 2551.3 3511.3 921.4 2499.7 1125.4
654.8 4473.6 93.2 557.1 0 3767.6 2960.1 3920.1 932.4 2908.5 1136.4
4046.3 908.8 3816.4 3809 3909.6 0 1113.6 166.6 3918 1086.9 4034.3
2932.8 2119.8 2702.9 2695.5 2796.1 1413.8 0 1566.4 2423.5 554.8 2920.8
4227.1 886.5 3997.2 3883.5 4090.4 355.2 1294.3 0 3645.4 1267.7 4215.1
860.8 4219.2 630.9 623.5 724.1 3513.2 2705.7 3665.7 0 2695.5 497.2
2984.4 1834.8 2754.5 2747 2847.6 1128.9 51.6 1281.4 2475.1 0 2972.3
2457.8 2548.9 2227.9 2114.2 2321.1 1842.9 1035.4 1995.4 1948.6 983.9 0
0 431.4 73.8 81.6 71.2 333.8 309.4 354.9 177.8 300.7 207.5
400.5 0 367.8 369.6 383.2 108.2 145.1 84.4 316.2 150.8 387
62.5 416.3 0 108.2 68.1 301.1 282.6 328.1 151 273.9 180.7
128.9 394.7 41.1 0 56.5 297.1 261 306.5 128.6 252.3 158.3
104 400.9 18.7 89.3 0 303.3 267.2 312.7 135.6 258.5 165.3
335.9 137.7 303.2 305 318.6 0 80.5 33 288.4 86.2 322.4
255.4 195.8 222.7 224.5 238.1 98.2 0 107.6 171.1 53.4 241.9
353.6 140.7 320.9 340.3 336.3 64.6 98.2 0 255 103.9 340.1
117.6 392 84.9 86.7 100.3 294.4 258.3 303.8 0 213.2 70.8
264.1 191.5 231.4 233.2 246.8 93.9 8.7 103.3 179.8 0 250.6
237.2 218.6 204.5 223.9 219.9 121 84.9 130.4 152.9 76.2 0
