16 2 1
8 250 10
20 470 20
1 1
2 1800 12000
2 0 2000
2 2100 12000
1 1200 12000
1 0 7200
1 0 7200
2 4200 12000
1 0 7200
2 3900 15000
1 5400 15000
3 0 7200
1 0 5400
1 0 5400
1 2400 15000
1 3000 15000
1 0 5400
0 0 0
0 4699.9 484 515 478.7 3993.9 3237.8 4197.8 1210.1 3186.2 2202.3 1063.2 2094 1675.5 2706.8 2960.1 1414.1
4726.4 0 4496.5 4489.1 4589.7 762.7 1793.6 568.7 4217.2 1767 3136 4363.5 4484.9 4827.7 2580.6 3079.4 4714.4
381.2 4566.7 0 672.5 430.2 3764 3053.3 4013.3 1025.6 3001.7 2017.8 878.7 1909.5 1491 2522.3 2775.6 1229.6
808.1 4064.8 285.1 0 378.3 3358.8 2551.3 3511.3 921.4 2499.7 1515.9 774.6 1805.4 1386.8 2020.3 2273.6 1125.4
654.8 4473.6 93.2 557.1 0 3767.6 2960.1 3920.1 932.4 2908.5 1924.7 785.6 1816.4 1397.8 2429.1 2682.4 1136.4
4046.3 908.8 3816.4 3809 3909.6 0 1113.6 166.6 3918 1086.9 2455.9 3683.5 3804.8 4147.6 1900.5 2399.3 4034.3
2932.8 2119.8 2702.9 2695.5 2796.1 1413.8 0 1566.4 2423.5 554.8 1342.4 2569.9 2691.2 3034.1 786.9 1285.8 2920.8
4227.1 886.5 3997.2 3883.5 4090.4 355.2 1294.3 0 3645.4 1267.7 2636.7 3864.2 3985.5 4328.4 2081.2 2580.1 4215.1
860.8 4219.2 630.9 623.5 724.1 3513.2 2705.7 3665.7 0 2695.5 1670.3 674.5 1177.2 852.3 2216.1 2428 497.2
2984.4 1834.8 2754.5 2747 2847.6 1128.9 51.6 1281.4 2475.1 0 1394 2621.5 2742.8 3085.6 838.5 1337.4 2972.3
2457.8 2548.9 2227.9 2114.2 2321.1 1842.9 1035.4 1995.4 1948.6 983.9 0 2095 2216.3 2559.1 504.5 757.7 2445.8
1384.7 4784.4 1154.8 1259.6 1248 4078.4 3270.9 4230.9 479.8 3219.3 2235.5 0 1092.4 853.9 2362.5 2993.2 769.1
1880.8 4306.8 1650.9 1755.7 1744.1 3600.8 2793.4 3753.4 1020 2741.8 1757.9 935.2 0 580.7 2262.4 2515.6 554.3
1551.7 4250.5 1321.8 1314.4 1414.9 3544.5 2737 3697 690.8 2685.4 1701.6 892.2 500 0 2206.1 2459.3 425
2810.1 3271.1 2580.2 2572.8 2673.4 2565.1 1757.6 2717.7 2300.8 1706.1 1219.7 2447.2 2568.5 2911.4 0 401.6 2798.1
2626.2 3168.7 2396.3 2282.6 2489.5 2462.7 1655.2 2615.2 2117 1603.6 1035.8 2263.4 2384.7 2111.4 302.1 0 2614.2
1378.3 4018.7 1148.4 1141 1152 3537.3 2729.8 3689.9 517.5 2678.3 1694.4 697.1 679.1 217.5 2198.9 2352.7 0
0 712.6 113.2 150.1 134.9 635.9 550.8 650.4 225.2 537.9 389.1 293.1 422 370.6 513.8 568.4 322.2
773.6 0 710.3 711 716.1 194.5 291.1 159.4 612.2 295.8 505.2 680.1 642.9 743.6 445.4 519.2 704.5
113.2 649.3 0 79 27.8 572.6 487.5 587.1 161.9 474.6 325.8 229.8 358.7 307.3 450.5 505.1 258.9
150.1 643.4 79 0 106.8 566.7 481.6 581.2 156 468.7 319.9 223.9 352.8 301.4 444.6 499.2 253
138.2 651.8 31.1 110.1 0 575.1 490 589.6 164.4 477.1 328.3 232.3 361.2 309.8 453 507.6 261.4
645.3 143.8 582 582.7 587.8 0 162.8 54.3 483.9 167.5 376.9 551.8 514.6 615.3 317.1 390.9 576.2
482.5 273.3 419.2 419.9 425 196.6 0 211.1 321.1 98.6 214.1 389 351.8 452.5 154.3 228.1 413.4
647.7 143.2 584.4 585.1 590.2 57.6 165.2 0 486.3 169.9 379.3 554.2 517 617.7 319.5 393.3 578.6
217.3 563.3 154 154.7 159.8 486.6 401.5 501.1 0 388.6 239.8 112 196.8 145.4 364.5 419.1 97
495.4 259.8 432.1 432.8 437.9 183.1 12.9 197.6 334 0 227 401.9 364.7 465.4 167.2 241 426.3
433.3 323.5 370 370.7 375.8 246.8 161.7 261.3 271.9 148.8 0 339.8 302.6 403.3 124.7 179.3 364.2
282.6 628.6 219.3 220 225.1 551.9 466.8 566.4 113.3 453.9 305.1 0 223.9 201.9 429.8 484.4 169.4
410.5 661.8 347.2 347.9 353 585.1 500 599.6 193.2 487.1 338.3 223.6 0 100.7 463 517.6 159.1
359.2 633.1 295.9 296.6 301.7 556.4 471.3 570.9 141.9 458.4 309.6 207.9 101 0 434.3 488.9 63.5
523.1 492.5 459.8 460.5 465.6 415.8 330.7 430.3 361.7 317.8 254.7 429.6 392.4 493.1 0 99.8 454
525.7 495.1 462.4 463.1 468.2 418.4 333.3 432.9 364.3 320.4 257.3 432.2 395 495.7 103.1 0 456.6
308.4 598.5 245.1 245.8 250.9 521.8 436.7 536.3 91.1 423.8 275 160.3 161.6 66.6 399.7 454.3 0
