10 2 1
8 250 10
20 470 20
1 1
2 600 1600
2 400 1000
2 460 1600
1 640 1800
1 0 1200
1 0 1200
2 460 1600
1 0 1200
2 400 2000
1 520 2000
0 0 10000
0 4699.9 484 515 478.7 3993.9 3237.8 4197.8 1210.1 3186.2 1414.1
4726.4 0 4496.5 4489.1 4589.7 762.7 1793.6 568.7 4217.2 1767 4714.4
381.2 4566.7 0 672.5 430.2 3764 3053.3 4013.3 1025.6 3001.7 1229.6
808.1 4064.8 285.1 0 378.3 3358.8 2551.3 3511.3 921.4 2499.7 1125.4
654.8 4473.6 93.2 557.1 0 3767.6 2960.1 3920.1 932.4 2908.5 1136.4
4046.3 908.8 3816.4 3809 3909.6 0 1113.6 166.6 3918 1086.9 4034.3
2932.8 2119.8 2702.9 2695.5 2796.1 1413.8 0 1566.4 2423.5 554.8 2920.8
4227.1 886.5 3997.2 3883.5 4090.4 355.2 1294.3 0 3645.4 1267.7 4215.1
860.8 4219.2 630.9 623.5 724.1 3513.2 2705.7 3665.7 0 2695.5 497.2
2984.4 1834.8 2754.5 2747 2847.6 1128.9 51.6 1281.4 2475.1 0 2972.3
2457.8 2548.9 2227.9 2114.2 2321.1 1842.9 1035.4 1995.4 1948.6 983.9 0
0 712.6 113.2 150.1 134.9 635.9 550.8 650.4 225.2 537.9 322.2
773.6 0 710.3 711 716.1 194.5 291.1 159.4 612.2 295.8 704.5
113.2 649.3 0 79 27.8 572.6 487.5 587.1 161.9 474.6 258.9
150.1 643.4 79 0 106.8 566.7 481.6 581.2 156 468.7 253
138.2 651.8 31.1 110.1 0 575.1 490 589.6 164.4 477.1 261.4
645.3 143.8 582 582.7 587.8 0 162.8 54.3 483.9 167.5 576.2
482.5 273.3 419.2 419.9 425 196.6 0 211.1 321.1 98.6 413.4
647.7 143.2 584.4 585.1 590.2 57.6 165.2 0 486.3 169.9 578.6
217.3 563.3 154 154.7 159.8 486.6 401.5 501.1 0 388.6 97
495.4 259.8 432.1 432.8 437.9 183.1 12.9 197.6 334 0 426.3
308.4 598.5 245.1 245.8 250.9 521.8 436.7 536.3 91.1 423.8 0
