0 712.6 113.2 150.1 134.9 635.9 550.8 650.4 225.2 537.9 322.2
773.6 0 710.3 711 716.1 194.5 291.1 159.4 612.2 295.8 704.5
113.2 649.3 0 79 27.8 572.6 487.5 587.1 161.9 474.6 258.9
150.1 643.4 79 0 106.8 566.7 481.6 581.2 156 468.7 253
138.2 651.8 31.1 110.1 0 575.1 490 589.6 164.4 477.1 261.4
645.3 143.8 582 582.7 587.8 0 162.8 54.3 483.9 167.5 576.2
482.5 273.3 419.2 419.9 425 196.6 0 211.1 321.1 98.6 413.4
647.7 143.2 584.4 585.1 590.2 57.6 165.2 0 486.3 169.9 578.6
217.3 563.3 154 154.7 159.8 486.6 401.5 501.1 0 388.6 97
495.4 259.8 432.1 432.8 437.9 183.1 12.9 197.6 334 0 426.3
308.4 598.5 245.1 245.8 250.9 521.8 436.7 536.3 91.1 423.8 0


http://router.project-osrm.org/table/v1/driving/-34.936575,-7.139997;-34.910905,-7.125338;-34.938351,-7.138242;-34.936097,-7.136994;-34.938969,-7.137949;-34.915521,-7.124033;-34.923987,-7.124856;-34.914222,-7.123755;-34.937868,-7.133754;-34.923738,-7.124824;-34.929391,-7.127157;-34.941085,-7.134110;-34.940674,-7.127699;-34.939590,-7.129796;-34.928693,-7.123338;-34.930815,-7.122629;-34.939124,-7.131063


0, 712.6, 113.2, 150.1, 134.9, 635.9, 550.8, 650.4, 225.2, 537.9, 389.1, 293.1, 422, 370.6, 513.8, 568.4, 322.2
773.6, 0, 710.3, 711, 716.1, 194.5, 291.1, 159.4, 612.2, 295.8, 505.2, 680.1, 642.9, 743.6, 445.4, 519.2, 704.5
113.2, 649.3, 0, 79, 27.8, 572.6, 487.5, 587.1, 161.9, 474.6, 325.8, 229.8, 358.7, 307.3, 450.5, 505.1, 258.9
150.1, 643.4, 79, 0, 106.8, 566.7, 481.6, 581.2, 156, 468.7, 319.9, 223.9, 352.8, 301.4, 444.6, 499.2, 253
138.2, 651.8, 31.1, 110.1, 0, 575.1, 490, 589.6, 164.4, 477.1, 328.3, 232.3, 361.2, 309.8, 453, 507.6, 261.4
645.3, 143.8, 582, 582.7, 587.8, 0, 162.8, 54.3, 483.9, 167.5, 376.9, 551.8, 514.6, 615.3, 317.1, 390.9, 576.2
482.5, 273.3, 419.2, 419.9, 425, 196.6, 0, 211.1, 321.1, 98.6, 214.1, 389, 351.8, 452.5, 154.3, 228.1, 413.4
647.7, 143.2, 584.4, 585.1, 590.2, 57.6, 165.2, 0, 486.3, 169.9, 379.3, 554.2, 517, 617.7, 319.5, 393.3, 578.6
217.3, 563.3, 154, 154.7, 159.8, 486.6, 401.5, 501.1, 0, 388.6, 239.8, 112, 196.8, 145.4, 364.5, 419.1, 97
495.4, 259.8, 432.1, 432.8, 437.9, 183.1, 12.9, 197.6, 334, 0, 227, 401.9, 364.7, 465.4, 167.2, 241, 426.3
433.3, 323.5, 370, 370.7, 375.8, 246.8, 161.7, 261.3, 271.9, 148.8, 0, 339.8, 302.6, 403.3, 124.7, 179.3, 364.2
282.6, 628.6, 219.3, 220, 225.1, 551.9, 466.8, 566.4, 113.3, 453.9, 305.1, 0, 223.9, 201.9, 429.8, 484.4, 169.4
410.5, 661.8, 347.2, 347.9, 353, 585.1, 500, 599.6, 193.2, 487.1, 338.3, 223.6, 0, 100.7, 463, 517.6, 159.1
359.2, 633.1, 295.9, 296.6, 301.7, 556.4, 471.3, 570.9, 141.9, 458.4, 309.6, 207.9, 101, 0, 434.3, 488.9, 63.5
523.1, 492.5, 459.8, 460.5, 465.6, 415.8, 330.7, 430.3, 361.7, 317.8, 254.7, 429.6, 392.4, 493.1, 0, 99.8, 454
525.7, 495.1, 462.4, 463.1, 468.2, 418.4, 333.3, 432.9, 364.3, 320.4, 257.3, 432.2, 395, 495.7, 103.1, 0, 456.6
308.4, 598.5, 245.1, 245.8, 250.9, 521.8, 436.7, 536.3, 91.1, 423.8, 275, 160.3, 161.6, 66.6, 399.7, 454.3, 0
